5066243314
5295785214
5330764845
2642786173
112370430
2222725662
3480151809
4579111377
5327961500
1027712623
1225345706
1275042529
3593264489
4804851162
2604861872
2256250492
1190082081
5671320088
3900516396
2879117485
3657258950
11488182
2935026352
4017930263
1149356
1805738644
4763647244
1766292114
4039696241
1007512054
1174806310
1875720139
2005073261
643220
1515350571
2594134591
1227071251
4119159107
5815958309
255616433
918460500
5115728303
43447880
2256250492
4113961595
3228017378
3790980020
3561882066
1550252404
884600825
1440690532
1461137116
2861726322
1697143745
285564924
266417550
5742670361
4526661895
1452760967
5727273367
3602273353
2819917924
361890644
3282887963
2550853973
1975872816
291989977
5140604228
1432645146
1432645146
2749663649
730081442
3599269589
126471880
1364116735
5859868964
2566957821
4756365332
5844484163
5453644842
3125171897
4708489238
3289087313
1739248798
5239629351
286188986
682968396
3136881520
4146266718
2514395576
4164685382
1575493140
2819917924
1397339849
6048269148
1343256580
3749149761
1591266690
3760051624
1149356
602390633
1070581826
520731376
5664231295
183103680
5667246955
291989977
1082877013
1803990265
4601748631
6048269148
4374511196
12312312
12312312
5226779030
5628843580
3794926001
5170049754
839404218
1845498638
75620808
5234929697
303372420
5750168008
2655563941
1048819449
261314857
3938542754
5078051978
5054286587
2337182254
6147343053
3047752098
2330639137
1214173607
1492033065
982284746
3528068462
5488454249
1184561584
1057392025
12495388
1141053872
1678580373
808959881
3821372767
1385254905
4164486103
1250775969
1160014382
1158558027
3328650584
240529521
1542310288
1315802102
917841017
1721415775
6154046534
107487245
6016746894
237973413
1825052228
2427439379
2850853961
3480222113
5307820323